
Property No. 0

individual verified proportion [1.0, 1.0, 1.0, 1.0, 1.0, 1.0, 1.0, 1.0, 1.0, 1.0]
baseline verified proportion [1.0, 1.0, 1.0, 1.0, 1.0, 1.0, 1.0, 1.0, 1.0, 1.0]
Uap verified proportion [1.0, 1.0, 1.0, 1.0, 1.0, 1.0, 1.0, 1.0, 1.0, 1.0]
Times: [63.913408517837524, 24.992119550704956, 4637.5081179142, -16886488289.519062, 471.44293785095215]

Property No. 1

individual verified proportion [1.0, 1.0, 1.0, 1.0, 1.0, 1.0, 0.800000011920929, 1.0, 1.0, 1.0]
baseline verified proportion [1.0, 1.0, 1.0, 1.0, 1.0, 1.0, 0.8, 1.0, 1.0, 1.0]
Uap verified proportion [1.0, 1.0, 1.0, 1.0, 1.0, 1.0, 0.8, 1.0, 1.0, 1.0]
Times: [25.526435375213623, 17.204267024993896, 2428.6850016117096, -16886523293.30063, 254.0996527671814]

Property No. 2

individual verified proportion [1.0, 1.0, 1.0, 1.0, 1.0, 1.0, 1.0, 1.0, 1.0, 1.0]
baseline verified proportion [1.0, 1.0, 1.0, 1.0, 1.0, 1.0, 1.0, 1.0, 1.0, 1.0]
Uap verified proportion [1.0, 1.0, 1.0, 1.0, 1.0, 1.0, 1.0, 1.0, 1.0, 1.0]
Times: [14.134888172149658, 10.22089147567749, 1400.7471768856049, -16886544795.09269, 94.80509042739868]

Property No. 3

individual verified proportion [1.0, 1.0, 1.0, 1.0, 1.0, 1.0, 1.0, 1.0, 0.800000011920929, 1.0]
baseline verified proportion [1.0, 1.0, 1.0, 1.0, 1.0, 1.0, 1.0, 1.0, 0.8, 1.0]
Uap verified proportion [1.0, 1.0, 1.0, 1.0, 1.0, 1.0, 1.0, 1.0, 0.8, 1.0]
Times: [5.959522485733032, 4.424962997436523, 1566.01291847229, -16886557907.462788, 243.62500190734863]

Property No. 4

individual verified proportion [1.0, 1.0, 1.0, 1.0, 1.0, 1.0, 1.0, 1.0, 1.0, 1.0]
baseline verified proportion [1.0, 1.0, 1.0, 1.0, 1.0, 1.0, 1.0, 1.0, 1.0, 1.0]
Uap verified proportion [1.0, 1.0, 1.0, 1.0, 1.0, 1.0, 1.0, 1.0, 1.0, 1.0]
Times: [6.106751918792725, 4.165441989898682, 958.3482310771942, -16886572723.822935, 82.03270435333252]

Property No. 5

individual verified proportion [1.0, 1.0, 1.0, 1.0, 1.0, 1.0, 1.0, 1.0, 1.0, 1.0]
baseline verified proportion [1.0, 1.0, 1.0, 1.0, 1.0, 1.0, 1.0, 1.0, 1.0, 1.0]
Uap verified proportion [1.0, 1.0, 1.0, 1.0, 1.0, 1.0, 1.0, 1.0, 1.0, 1.0]
Times: [0.13158583641052246, 2.7263078689575195, 684.2213592529297, -16886581574.662092, 87.68742084503174]

Property No. 6

individual verified proportion [1.0, 1.0, 1.0, 1.0, 1.0, 1.0, 1.0, 1.0, 1.0, 1.0]
baseline verified proportion [1.0, 1.0, 1.0, 1.0, 1.0, 1.0, 1.0, 1.0, 1.0, 1.0]
Uap verified proportion [1.0, 1.0, 1.0, 1.0, 1.0, 1.0, 1.0, 1.0, 1.0, 1.0]
Times: [0.14226889610290527, 2.73911452293396, 648.8615741729736, -16886588059.468897, 85.57877779006958]

Property No. 7

individual verified proportion [1.0, 1.0, 1.0, 1.0, 1.0, 1.0, 1.0, 1.0, 1.0, 1.0]
baseline verified proportion [1.0, 1.0, 1.0, 1.0, 1.0, 1.0, 1.0, 1.0, 1.0, 1.0]
Uap verified proportion [1.0, 1.0, 1.0, 1.0, 1.0, 1.0, 1.0, 1.0, 1.0, 1.0]
Times: [0.14060688018798828, 2.2657430171966553, 676.4274690151215, -16886594654.816048, 151.55577182769775]

Property No. 8

individual verified proportion [1.0, 1.0, 1.0, 1.0, 1.0, 1.0, 1.0, 1.0, 0.800000011920929, 1.0]
baseline verified proportion [1.0, 1.0, 1.0, 1.0, 1.0, 1.0, 1.0, 1.0, 0.8, 1.0]
Uap verified proportion [1.0, 1.0, 1.0, 1.0, 1.0, 1.0, 1.0, 1.0, 0.8, 1.0]
Times: [0.1472330093383789, 2.1625304222106934, 707.1230940818787, -16886601886.722084, 99.66569662094116]

Property No. 9

individual verified proportion [1.0, 1.0, 1.0, 1.0, 1.0, 1.0, 1.0, 1.0, 1.0, 1.0]
baseline verified proportion [1.0, 1.0, 1.0, 1.0, 1.0, 1.0, 1.0, 1.0, 1.0, 1.0]
Uap verified proportion [1.0, 1.0, 1.0, 1.0, 1.0, 1.0, 1.0, 1.0, 1.0, 1.0]
Times: [0.8307712078094482, 2.8865339756011963, 650.0962553024292, -16886608291.95922, 70.76021909713745]

Property No. 10

individual verified proportion [1.0, 1.0, 1.0, 1.0, 1.0, 1.0, 1.0, 1.0, 1.0, 1.0]
baseline verified proportion [1.0, 1.0, 1.0, 1.0, 1.0, 1.0, 1.0, 1.0, 1.0, 1.0]
Uap verified proportion [1.0, 1.0, 1.0, 1.0, 1.0, 1.0, 1.0, 1.0, 1.0, 1.0]
Times: [0.13390350341796875, 2.614206075668335, 641.709844827652, -16886614805.425703, 58.901634216308594]

Property No. 11

individual verified proportion [1.0, 1.0, 1.0, 1.0, 1.0, 1.0, 1.0, 1.0, 1.0, 1.0]
baseline verified proportion [1.0, 1.0, 1.0, 1.0, 1.0, 1.0, 1.0, 1.0, 1.0, 1.0]
Uap verified proportion [1.0, 1.0, 1.0, 1.0, 1.0, 1.0, 1.0, 1.0, 1.0, 1.0]
Times: [0.15084505081176758, 2.0139832496643066, 632.1341686248779, -16886621290.789722, 69.84118461608887]

Property No. 12

individual verified proportion [1.0, 1.0, 1.0, 1.0, 1.0, 0.800000011920929, 1.0, 1.0, 0.75, 1.0]
baseline verified proportion [1.0, 1.0, 1.0, 1.0, 1.0, 0.8, 1.0, 1.0, 0.75, 1.0]
Uap verified proportion [1.0, 1.0, 1.0, 1.0, 1.0, 0.8, 1.0, 1.0, 0.75, 1.0]
Times: [0.1616044044494629, 2.5652806758880615, 633.2499012947083, -16886627663.270096, 67.95756101608276]

Property No. 13

individual verified proportion [1.0, 1.0, 1.0, 1.0, 1.0, 1.0, 1.0, 1.0, 1.0, 0.800000011920929]
baseline verified proportion [1.0, 1.0, 1.0, 1.0, 1.0, 1.0, 1.0, 1.0, 1.0, 0.8]
Uap verified proportion [1.0, 1.0, 1.0, 1.0, 1.0, 1.0, 1.0, 1.0, 1.0, 0.8]
Times: [0.16095304489135742, 2.338214635848999, 624.5871996879578, -16886633956.582186, 83.11319828033447]

Property No. 14

individual verified proportion [1.0, 1.0, 1.0, 1.0, 1.0, 1.0, 1.0, 1.0, 0.800000011920929, 1.0]
baseline verified proportion [1.0, 1.0, 1.0, 1.0, 1.0, 1.0, 1.0, 1.0, 0.8, 1.0]
Uap verified proportion [1.0, 1.0, 1.0, 1.0, 1.0, 1.0, 1.0, 1.0, 0.8, 1.0]
Times: [0.16208457946777344, 2.4415411949157715, 940.3937211036682, -16886641216.977919, 101.32446765899658]

Property No. 15

individual verified proportion [1.0, 1.0, 1.0, 1.0, 1.0, 1.0, 1.0, 1.0, 0.800000011920929, 1.0]
baseline verified proportion [1.0, 1.0, 1.0, 1.0, 1.0, 1.0, 1.0, 1.0, 0.8, 1.0]
Uap verified proportion [1.0, 1.0, 1.0, 1.0, 1.0, 1.0, 1.0, 1.0, 0.8, 1.0]
Times: [0.19056916236877441, 3.5119075775146484, 717.8352193832397, -16886649945.681335, 110.41982650756836]

Property No. 16

individual verified proportion [1.0, 1.0, 1.0, 1.0, 1.0, 1.0, 1.0, 1.0, 1.0, 1.0]
baseline verified proportion [1.0, 1.0, 1.0, 1.0, 1.0, 1.0, 1.0, 1.0, 1.0, 1.0]
Uap verified proportion [1.0, 1.0, 1.0, 1.0, 1.0, 1.0, 1.0, 1.0, 1.0, 1.0]
Times: [1.1513607501983643, 3.365432024002075, 766.1712694168091, -16886657083.935242, 64.79573249816895]

Property No. 17

individual verified proportion [1.0, 1.0, 1.0, 1.0, 1.0, 1.0, 1.0, 1.0, 1.0, 1.0]
baseline verified proportion [1.0, 1.0, 1.0, 1.0, 1.0, 1.0, 1.0, 1.0, 1.0, 1.0]
Uap verified proportion [1.0, 1.0, 1.0, 1.0, 1.0, 1.0, 1.0, 1.0, 1.0, 1.0]
Times: [0.17560434341430664, 2.3787713050842285, 670.576605796814, -16886664866.325531, 91.29233360290527]

Property No. 18

individual verified proportion [1.0, 1.0, 1.0, 1.0, 0.800000011920929, 1.0, 1.0, 1.0, 0.800000011920929, 1.0]
baseline verified proportion [1.0, 1.0, 1.0, 1.0, 0.8, 1.0, 1.0, 1.0, 0.8, 1.0]
Uap verified proportion [1.0, 1.0, 1.0, 1.0, 0.8, 1.0, 1.0, 1.0, 1.0, 1.0]
Times: [0.1845531463623047, 3.204475164413452, 712.9436912536621, -16886671974.698387, 103.04596424102783]

Property No. 19

individual verified proportion [1.0, 1.0, 1.0, 1.0, 1.0, 1.0, 1.0, 1.0, 0.800000011920929, 1.0]
baseline verified proportion [1.0, 1.0, 1.0, 1.0, 1.0, 1.0, 1.0, 1.0, 0.8, 1.0]
Uap verified proportion [1.0, 1.0, 1.0, 1.0, 1.0, 1.0, 1.0, 1.0, 0.8, 1.0]
Times: [0.17965316772460938, 3.042539119720459, 675.3886117935181, -16886678900.874422, 99.32371616363525]



Eps : 0.02
Individual verified: [92.0, 86.0, 92.0, 89.0, 85.0, 92.0, 89.0, 85.0, 91.0, 88.0] total: 889.0
Baseline verified: [92.0, 86.0, 92.0, 89.0, 85.0, 92.0, 89.0, 85.0, 91.0, 88.0] total: 889.0
Uap verified: [92.0, 86.0, 92.0, 89.0, 85.0, 92.0, 89.0, 85.0, 92.0, 88.0] total: 890.0
Extra verified: [0.0, 0.0, 0.0, 0.0, 0.0, 0.0, 0.0, 0.0, 1.0, 0.0] total: 1.0
times: [119.6846034526825, 220.9488673210144, 21492.70603442192, -337732123181.387, 2491.268892288208]

Property No. 0

individual verified proportion [1.0, 1.0, 1.0, 1.0, 1.0, 1.0, 1.0, 1.0, 1.0, 1.0]
baseline verified proportion [1.0, 1.0, 1.0, 1.0, 1.0, 1.0, 1.0, 1.0, 1.0, 1.0]
Uap verified proportion [1.0, 1.0, 1.0, 1.0, 1.0, 1.0, 1.0, 1.0, 1.0, 1.0]
Times: [12.30596375465393, 3.8916006088256836, 997.7330002784729, -16886646645.385153, 108.09523344039917]

Property No. 1

individual verified proportion [1.0, 1.0, 1.0, 1.0, 1.0, 1.0, 0.800000011920929, 1.0, 1.0, 1.0]
baseline verified proportion [1.0, 1.0, 1.0, 1.0, 1.0, 1.0, 0.8, 1.0, 1.0, 1.0]
Uap verified proportion [1.0, 1.0, 1.0, 1.0, 1.0, 1.0, 0.8, 1.0, 1.0, 1.0]
Times: [0.14587998390197754, 4.288128137588501, 788.8567490577698, -16886653497.760334, 99.81589555740356]

Property No. 2

individual verified proportion [1.0, 1.0, 1.0, 1.0, 1.0, 1.0, 1.0, 1.0, 1.0, 1.0]
baseline verified proportion [1.0, 1.0, 1.0, 1.0, 1.0, 1.0, 1.0, 1.0, 1.0, 1.0]
Uap verified proportion [1.0, 1.0, 1.0, 1.0, 1.0, 1.0, 1.0, 1.0, 1.0, 1.0]
Times: [0.12590909004211426, 4.0502989292144775, 648.403902053833, -16886661211.759148, 64.18617725372314]

Property No. 3

individual verified proportion [1.0, 1.0, 1.0, 1.0, 1.0, 1.0, 1.0, 1.0, 0.800000011920929, 1.0]
baseline verified proportion [1.0, 1.0, 1.0, 1.0, 1.0, 1.0, 1.0, 1.0, 0.8, 1.0]
Uap verified proportion [1.0, 1.0, 1.0, 1.0, 1.0, 1.0, 1.0, 1.0, 0.8, 1.0]
Times: [0.1528029441833496, 2.610614061355591, 676.0923635959625, -16886668067.853699, 138.42260599136353]

Property No. 4

individual verified proportion [1.0, 1.0, 1.0, 1.0, 1.0, 1.0, 1.0, 1.0, 1.0, 1.0]
baseline verified proportion [1.0, 1.0, 1.0, 1.0, 1.0, 1.0, 1.0, 1.0, 1.0, 1.0]
Uap verified proportion [1.0, 1.0, 1.0, 1.0, 1.0, 1.0, 1.0, 1.0, 1.0, 1.0]
Times: [0.12774109840393066, 2.2980690002441406, 646.7590317726135, -16886674551.524904, 72.39991664886475]

Property No. 5

individual verified proportion [1.0, 1.0, 1.0, 1.0, 1.0, 1.0, 1.0, 1.0, 1.0, 1.0]
baseline verified proportion [1.0, 1.0, 1.0, 1.0, 1.0, 1.0, 1.0, 1.0, 1.0, 1.0]
Uap verified proportion [1.0, 1.0, 1.0, 1.0, 1.0, 1.0, 1.0, 1.0, 1.0, 1.0]
Times: [0.13278675079345703, 2.1667091846466064, 720.1842341423035, -16886681695.00324, 94.8039722442627]

Property No. 6

individual verified proportion [1.0, 1.0, 1.0, 1.0, 1.0, 1.0, 1.0, 1.0, 1.0, 1.0]
baseline verified proportion [1.0, 1.0, 1.0, 1.0, 1.0, 1.0, 1.0, 1.0, 1.0, 1.0]
Uap verified proportion [1.0, 1.0, 1.0, 1.0, 1.0, 1.0, 1.0, 1.0, 1.0, 1.0]
Times: [0.13935375213623047, 4.81354284286499, 668.3534681797028, -16886688507.867815, 96.22489929199219]

Property No. 7

individual verified proportion [1.0, 1.0, 1.0, 1.0, 1.0, 1.0, 1.0, 1.0, 1.0, 1.0]
baseline verified proportion [1.0, 1.0, 1.0, 1.0, 1.0, 1.0, 1.0, 1.0, 1.0, 1.0]
Uap verified proportion [1.0, 1.0, 1.0, 1.0, 1.0, 1.0, 1.0, 1.0, 1.0, 1.0]
Times: [0.1352076530456543, 3.12736439704895, 979.7063381671906, -16886695303.664429, 179.3140411376953]

Property No. 8

individual verified proportion [1.0, 1.0, 1.0, 1.0, 1.0, 1.0, 1.0, 1.0, 0.800000011920929, 1.0]
baseline verified proportion [1.0, 1.0, 1.0, 1.0, 1.0, 1.0, 1.0, 1.0, 0.8, 1.0]
Uap verified proportion [1.0, 1.0, 1.0, 1.0, 1.0, 1.0, 1.0, 1.0, 0.8, 1.0]
Times: [0.1507568359375, 4.001355409622192, 752.413539648056, -16886705564.232426, 121.94023609161377]

Property No. 9

individual verified proportion [1.0, 1.0, 1.0, 1.0, 1.0, 1.0, 1.0, 1.0, 1.0, 1.0]
baseline verified proportion [1.0, 1.0, 1.0, 1.0, 1.0, 1.0, 1.0, 1.0, 1.0, 1.0]
Uap verified proportion [1.0, 1.0, 1.0, 1.0, 1.0, 1.0, 1.0, 1.0, 1.0, 1.0]
Times: [0.40972399711608887, 5.175433397293091, 752.5906720161438, -16886712540.853079, 74.09075260162354]

Property No. 10

individual verified proportion [1.0, 1.0, 1.0, 1.0, 1.0, 1.0, 1.0, 1.0, 1.0, 1.0]
baseline verified proportion [1.0, 1.0, 1.0, 1.0, 1.0, 1.0, 1.0, 1.0, 1.0, 1.0]
Uap verified proportion [1.0, 1.0, 1.0, 1.0, 1.0, 1.0, 1.0, 1.0, 1.0, 1.0]
Times: [0.2944178581237793, 3.489535093307495, 754.6169018745422, -16886720575.132864, 200.60171365737915]

Property No. 11

individual verified proportion [1.0, 1.0, 1.0, 1.0, 1.0, 1.0, 1.0, 1.0, 1.0, 1.0]
baseline verified proportion [1.0, 1.0, 1.0, 1.0, 1.0, 1.0, 1.0, 1.0, 1.0, 1.0]
Uap verified proportion [1.0, 1.0, 1.0, 1.0, 1.0, 1.0, 1.0, 1.0, 1.0, 1.0]
Times: [17.151306867599487, 10.374923467636108, 1600.0106308460236, -16886732203.009623, 116.74667596817017]

Property No. 12

individual verified proportion [1.0, 1.0, 1.0, 1.0, 1.0, 0.800000011920929, 1.0, 1.0, 0.75, 1.0]
baseline verified proportion [1.0, 1.0, 1.0, 1.0, 1.0, 0.8, 1.0, 1.0, 0.75, 1.0]
Uap verified proportion [1.0, 1.0, 1.0, 1.0, 1.0, 0.8, 1.0, 1.0, 0.75, 1.0]
Times: [3.1711723804473877, 6.939035415649414, 1517.0449893474579, -16886746157.439745, 187.53338813781738]

Property No. 13

individual verified proportion [1.0, 1.0, 1.0, 1.0, 1.0, 1.0, 1.0, 1.0, 1.0, 0.800000011920929]
baseline verified proportion [1.0, 1.0, 1.0, 1.0, 1.0, 1.0, 1.0, 1.0, 1.0, 0.8]
Uap verified proportion [1.0, 1.0, 1.0, 1.0, 1.0, 1.0, 1.0, 1.0, 1.0, 0.8]
Times: [8.031702756881714, 8.378478288650513, 1891.5401685237885, -16886762230.41149, 370.35719633102417]

Property No. 14

individual verified proportion [1.0, 1.0, 1.0, 1.0, 1.0, 1.0, 1.0, 1.0, 0.800000011920929, 1.0]
baseline verified proportion [1.0, 1.0, 1.0, 1.0, 1.0, 1.0, 1.0, 1.0, 0.8, 1.0]
Uap verified proportion [1.0, 1.0, 1.0, 1.0, 1.0, 1.0, 1.0, 1.0, 0.8, 1.0]
Times: [14.239356756210327, 10.94748067855835, 2717.8670353889465, -16886785306.138552, 232.84600257873535]

Property No. 15

individual verified proportion [1.0, 1.0, 1.0, 1.0, 1.0, 1.0, 1.0, 1.0, 0.800000011920929, 1.0]
baseline verified proportion [1.0, 1.0, 1.0, 1.0, 1.0, 1.0, 1.0, 1.0, 0.8, 1.0]
Uap verified proportion [1.0, 1.0, 1.0, 1.0, 1.0, 1.0, 1.0, 1.0, 0.8, 1.0]
Times: [8.87093448638916, 8.921985149383545, 1909.151739358902, -16886809870.46778, 262.601113319397]

Property No. 16

individual verified proportion [1.0, 1.0, 1.0, 1.0, 1.0, 1.0, 1.0, 1.0, 1.0, 1.0]
baseline verified proportion [1.0, 1.0, 1.0, 1.0, 1.0, 1.0, 1.0, 1.0, 1.0, 1.0]
Uap verified proportion [1.0, 1.0, 1.0, 1.0, 1.0, 1.0, 1.0, 1.0, 1.0, 1.0]
Times: [11.41215181350708, 9.816051244735718, 2229.5895648002625, -16886828535.68619, 228.7175464630127]

Property No. 17

individual verified proportion [1.0, 1.0, 1.0, 1.0, 1.0, 1.0, 1.0, 1.0, 1.0, 1.0]
baseline verified proportion [1.0, 1.0, 1.0, 1.0, 1.0, 1.0, 1.0, 1.0, 1.0, 1.0]
Uap verified proportion [1.0, 1.0, 1.0, 1.0, 1.0, 1.0, 1.0, 1.0, 1.0, 1.0]
Times: [13.663959980010986, 10.635577917098999, 1253.2951736450195, -16886850402.321035, 133.2263970375061]

Property No. 18

individual verified proportion [1.0, 1.0, 1.0, 1.0, 0.800000011920929, 1.0, 1.0, 1.0, 0.800000011920929, 1.0]
baseline verified proportion [1.0, 1.0, 1.0, 1.0, 0.8, 1.0, 1.0, 1.0, 0.8, 1.0]
Uap verified proportion [1.0, 1.0, 1.0, 1.0, 0.8, 1.0, 1.0, 1.0, 1.0, 1.0]
Times: [2.799820899963379, 6.276581048965454, 1545.5845210552216, -16886863075.006502, 172.7354383468628]

Property No. 19

individual verified proportion [1.0, 1.0, 1.0, 1.0, 1.0, 1.0, 1.0, 1.0, 0.800000011920929, 1.0]
baseline verified proportion [1.0, 1.0, 1.0, 1.0, 1.0, 1.0, 1.0, 1.0, 0.8, 1.0]
Uap verified proportion [1.0, 1.0, 1.0, 1.0, 1.0, 1.0, 1.0, 1.0, 0.8, 1.0]
Times: [7.007009744644165, 6.282632350921631, 1129.775160074234, -16886877809.651758, 181.6761040687561]



Eps : 0.02
Individual verified: [92.0, 86.0, 92.0, 89.0, 85.0, 92.0, 89.0, 85.0, 91.0, 88.0] total: 889.0
Baseline verified: [92.0, 86.0, 92.0, 89.0, 85.0, 92.0, 89.0, 85.0, 91.0, 88.0] total: 889.0
Uap verified: [92.0, 86.0, 92.0, 89.0, 85.0, 92.0, 89.0, 85.0, 92.0, 88.0] total: 890.0
Extra verified: [0.0, 0.0, 0.0, 0.0, 0.0, 0.0, 0.0, 0.0, 1.0, 0.0] total: 1.0
times: [100.4679594039917, 218.95335602760315, 24280.03714323044, -337734763751.1698, 3136.3353061676025]
