
Property No. 0

individual verified proportion [1.0, 1.0, 1.0, 1.0, 0.800000011920929, 1.0, 1.0, 1.0, 0.6666666865348816, 1.0]
baseline verified proportion [1.0, 1.0, 1.0, 1.0, 0.8, 1.0, 1.0, 1.0, 0.6666666666666666, 1.0]
Uap verified proportion [1.0, 1.0, 1.0, 1.0, 1.0, 1.0, 1.0, 1.0, 0.6666666666666666, 1.0]
Times: [7.322973966598511, 13.762681245803833, 2641.218653202057, -16886733130.94139, 63.746163845062256]

Property No. 1

individual verified proportion [1.0, 1.0, 1.0, 1.0, 1.0, 0.800000011920929, 1.0, 1.0, 0.800000011920929, 0.800000011920929]
baseline verified proportion [1.0, 1.0, 1.0, 1.0, 1.0, 0.8, 1.0, 1.0, 0.8, 0.8]
Uap verified proportion [1.0, 1.0, 1.0, 1.0, 1.0, 0.8, 1.0, 1.0, 1.0, 0.8]
Times: [4.170672655105591, 24.827878713607788, 3585.9257962703705, -16886759093.477266, 162.21224546432495]

Property No. 2

individual verified proportion [1.0, 1.0, 1.0, 1.0, 1.0, 1.0, 1.0, 1.0, 0.800000011920929, 1.0]
baseline verified proportion [1.0, 1.0, 1.0, 1.0, 1.0, 1.0, 1.0, 1.0, 0.8, 1.0]
Uap verified proportion [1.0, 1.0, 1.0, 1.0, 1.0, 1.0, 1.0, 1.0, 1.0, 1.0]
Times: [17.074437856674194, 56.03505516052246, 4246.022796392441, -16886803844.840122, 79.89562034606934]

Property No. 3

individual verified proportion [1.0, 1.0, 1.0, 0.800000011920929, 1.0, 1.0, 1.0, 0.75, 1.0, 1.0]
baseline verified proportion [1.0, 1.0, 1.0, 0.8, 1.0, 1.0, 1.0, 0.75, 1.0, 1.0]
Uap verified proportion [1.0, 1.0, 1.0, 0.8, 1.0, 1.0, 1.0, 0.75, 1.0, 1.0]
Times: [13.516812086105347, 32.43913960456848, 3455.252646923065, -16886849206.330242, 79.17948484420776]

Property No. 4

individual verified proportion [0.75, 0.6000000238418579, 0.800000011920929, 1.0, 1.0, 1.0, 1.0, 1.0, 1.0, 1.0]
baseline verified proportion [0.75, 0.6000000000000001, 0.8, 1.0, 1.0, 1.0, 1.0, 1.0, 1.0, 1.0]
Uap verified proportion [1.0, 0.6000000000000001, 0.8, 1.0, 1.0, 1.0, 1.0, 1.0, 1.0, 1.0]
Times: [10.22212290763855, 45.52237820625305, 2364.45472741127, -16886871760.184557, 56.104676723480225]

Property No. 5

individual verified proportion [1.0, 1.0, 1.0, 1.0, 1.0, 1.0, 0.5, 0.800000011920929, 1.0, 1.0]
baseline verified proportion [1.0, 1.0, 1.0, 1.0, 1.0, 1.0, 0.5, 0.8, 1.0, 1.0]
Uap verified proportion [1.0, 1.0, 1.0, 1.0, 1.0, 1.0, 0.5, 0.8, 1.0, 1.0]
Times: [9.016105890274048, 26.327133655548096, 1959.216769695282, -16886893019.12861, 40.658791065216064]

Property No. 6

individual verified proportion [1.0, 1.0, 0.800000011920929, 0.800000011920929, 0.75, 0.3333333432674408, 0.75, 1.0, 1.0, 1.0]
baseline verified proportion [1.0, 1.0, 0.8, 0.8, 0.75, 0.3333333333333333, 0.75, 1.0, 1.0, 1.0]
Uap verified proportion [1.0, 1.0, 0.8, 0.8, 0.75, 0.6666666666666666, 0.75, 1.0, 1.0, 1.0]
Times: [5.369072914123535, 24.818445682525635, 1615.7695968151093, -16886912614.141907, 46.552603244781494]

Property No. 7

individual verified proportion [1.0, 1.0, 1.0, 0.800000011920929, 1.0, 0.75, 1.0, 0.800000011920929, 0.6000000238418579, 0.75]
baseline verified proportion [1.0, 1.0, 1.0, 0.8, 1.0, 0.75, 1.0, 0.8, 0.6000000000000001, 0.75]
Uap verified proportion [1.0, 1.0, 1.0, 1.0, 1.0, 0.75, 1.0, 0.8, 0.8, 0.75]
Times: [3.4444963932037354, 21.182019233703613, 1632.9735052585602, -16886929348.028639, 61.67529821395874]

Property No. 8

individual verified proportion [0.75, 1.0, 1.0, 0.800000011920929, 1.0, 1.0, 1.0, 1.0, 0.800000011920929, 1.0]
baseline verified proportion [0.75, 1.0, 1.0, 0.8, 1.0, 1.0, 1.0, 1.0, 0.8, 1.0]
Uap verified proportion [0.75, 1.0, 1.0, 0.8, 1.0, 1.0, 1.0, 1.0, 1.0, 1.0]
Times: [7.409748315811157, 21.43366265296936, 1569.0027837753296, -16886944298.449326, 43.93221378326416]

Property No. 9

individual verified proportion [1.0, 1.0, 1.0, 0.75, 0.800000011920929, 0.800000011920929, 1.0, 1.0, 0.800000011920929, 1.0]
baseline verified proportion [1.0, 1.0, 1.0, 0.75, 0.8, 0.8, 1.0, 1.0, 0.8, 1.0]
Uap verified proportion [1.0, 1.0, 1.0, 0.75, 0.8, 1.0, 1.0, 1.0, 1.0, 1.0]
Times: [0.8068645000457764, 17.255337476730347, 1553.3968183994293, -16886959967.955187, 49.111785888671875]

Property No. 10

individual verified proportion [1.0, 1.0, 1.0, 1.0, 1.0, 1.0, 0.6000000238418579, 1.0, 1.0, 1.0]
baseline verified proportion [1.0, 1.0, 1.0, 1.0, 1.0, 1.0, 0.6000000000000001, 1.0, 1.0, 1.0]
Uap verified proportion [1.0, 1.0, 1.0, 1.0, 1.0, 1.0, 0.6000000000000001, 1.0, 1.0, 1.0]
Times: [4.1366660594940186, 17.094775915145874, 1389.263031721115, -16886975764.36855, 42.094035148620605]

Property No. 11

individual verified proportion [1.0, 0.800000011920929, 0.6000000238418579, 0.800000011920929, 1.0, 0.800000011920929, 0.75, 0.6666666865348816, 0.75, 1.0]
baseline verified proportion [1.0, 0.8, 0.6000000000000001, 0.8, 1.0, 0.8, 0.75, 0.6666666666666666, 0.75, 1.0]
Uap verified proportion [1.0, 1.0, 1.0, 0.8, 1.0, 0.8, 0.75, 0.6666666666666666, 0.75, 1.0]
Times: [1.372840166091919, 22.074302673339844, 1460.6795918941498, -16886990996.143797, 59.48019027709961]

Property No. 12

individual verified proportion [1.0, 0.800000011920929, 1.0, 1.0, 0.800000011920929, 1.0, 0.3333333432674408, 0.75, 1.0, 0.800000011920929]
baseline verified proportion [1.0, 0.8, 1.0, 1.0, 0.8, 1.0, 0.6666666666666666, 0.75, 1.0, 0.8]
Uap verified proportion [1.0, 1.0, 1.0, 1.0, 0.8, 1.0, 1.0, 0.75, 1.0, 0.8]
Times: [4.123709201812744, 24.602805376052856, 1570.4716005325317, -16887005350.36276, 43.32122564315796]

Property No. 13

individual verified proportion [0.800000011920929, 1.0, 1.0, 1.0, 1.0, 0.800000011920929, 0.800000011920929, 1.0, 1.0, 0.800000011920929]
baseline verified proportion [0.8, 1.0, 1.0, 1.0, 1.0, 0.8, 0.8, 1.0, 1.0, 0.8]
Uap verified proportion [0.8, 1.0, 1.0, 1.0, 1.0, 0.8, 0.8, 1.0, 1.0, 0.8]
Times: [1.0715510845184326, 15.521162986755371, 1409.5342094898224, -16887020652.092854, 43.82997751235962]

Property No. 14

individual verified proportion [0.75, 1.0, 1.0, 1.0, 0.800000011920929, 1.0, 1.0, 1.0, 0.6666666865348816, 0.800000011920929]
baseline verified proportion [0.75, 1.0, 1.0, 1.0, 0.8, 1.0, 1.0, 1.0, 0.6666666666666666, 0.8]
Uap verified proportion [0.75, 1.0, 1.0, 1.0, 0.8, 1.0, 1.0, 1.0, 0.6666666666666666, 0.8]
Times: [0.7733283042907715, 18.201968908309937, 1365.6465306282043, -16887034916.167545, 46.04238271713257]

Property No. 15

individual verified proportion [1.0, 1.0, 1.0, 1.0, 1.0, 0.800000011920929, 0.800000011920929, 1.0, 1.0, 1.0]
baseline verified proportion [1.0, 1.0, 1.0, 1.0, 1.0, 0.8, 0.8, 1.0, 1.0, 1.0]
Uap verified proportion [1.0, 1.0, 1.0, 1.0, 1.0, 0.8, 1.0, 1.0, 1.0, 1.0]
Times: [3.829104423522949, 20.578317165374756, 1425.8932945728302, -16887049149.763073, 50.164761543273926]

Property No. 16

individual verified proportion [0.800000011920929, 1.0, 0.75, 1.0, 1.0, 1.0, 1.0, 1.0, 1.0, 1.0]
baseline verified proportion [0.8, 1.0, 0.75, 1.0, 1.0, 1.0, 1.0, 1.0, 1.0, 1.0]
Uap verified proportion [0.8, 1.0, 1.0, 1.0, 1.0, 1.0, 1.0, 1.0, 1.0, 1.0]
Times: [5.792660236358643, 18.728081226348877, 1375.0982744693756, -16887063209.430544, 41.980156898498535]

Property No. 17

individual verified proportion [1.0, 1.0, 1.0, 1.0, 1.0, 1.0, 1.0, 0.75, 0.25, 1.0]
baseline verified proportion [1.0, 1.0, 1.0, 1.0, 1.0, 1.0, 1.0, 0.75, 0.25, 1.0]
Uap verified proportion [1.0, 1.0, 1.0, 1.0, 1.0, 1.0, 1.0, 0.75, 0.25, 1.0]
Times: [0.6714701652526855, 13.241765022277832, 1371.3661215305328, -16887077289.72849, 40.56010961532593]

Property No. 18

individual verified proportion [1.0, 1.0, 1.0, 1.0, 0.75, 1.0, 0.75, 0.800000011920929, 0.75, 1.0]
baseline verified proportion [1.0, 1.0, 1.0, 1.0, 0.75, 1.0, 0.75, 0.8, 0.75, 1.0]
Uap verified proportion [1.0, 1.0, 1.0, 1.0, 0.75, 1.0, 0.75, 1.0, 0.75, 1.0]
Times: [0.9557666778564453, 15.473489761352539, 1334.934244632721, -16887091313.208273, 84.43848848342896]

Property No. 19

individual verified proportion [1.0, 1.0, 1.0, 0.800000011920929, 0.800000011920929, 0.800000011920929, 1.0, 1.0, 0.800000011920929, 0.800000011920929]
baseline verified proportion [1.0, 1.0, 1.0, 0.8, 0.8, 0.8, 1.0, 1.0, 0.8, 0.8]
Uap verified proportion [1.0, 1.0, 1.0, 1.0, 0.8, 0.8, 1.0, 1.0, 0.8, 0.8]
Times: [8.363089799880981, 25.791926622390747, 1447.938637495041, -16887106303.287218, 131.3178586959839]



Eps : 0.00784313725490196
Individual verified: [85.0, 90.0, 87.0, 83.0, 86.0, 83.0, 73.0, 82.0, 73.0, 83.0] total: 825.0
Baseline verified: [85.0, 90.0, 87.0, 83.0, 86.0, 83.0, 74.0, 82.0, 73.0, 83.0] total: 826.0
Uap verified: [86.0, 92.0, 90.0, 85.0, 87.0, 85.0, 76.0, 83.0, 78.0, 83.0] total: 845.0
Extra verified: [1.0, 2.0, 3.0, 2.0, 1.0, 2.0, 2.0, 1.0, 5.0, 0.0] total: 19.0
times: [109.44349360466003, 584.3558208942413, 38883.5031247139, -337739071228.0304, 1266.2980699539185]
