
Property No. 0

individual verified proportion [0.0, 0.0, 0.0, 0.0, 0.0, 0.0, 0.0, 0.0, 0.0, 0.0]
baseline verified proportion [0.0, 0.0, 0.0, 0.0, 0.0, 0.0, 0.0, 0.0, 0.0, 0.0]
Uap verified proportion [0.0, 0.0, 0.0, 0.0, 0.0, 0.0, 0.0, 0.0, 0.0, 0.0]
Times: [35.976221561431885, 20.907494068145752, 472.914067029953, -16886473343.511887, 169.7922658920288]

Property No. 1

individual verified proportion [0.0, 0.0, 0.0, 0.0, 0.0, 0.0, 0.0, 0.0, 0.0, 0.0]
baseline verified proportion [0.0, 0.0, 0.0, 0.0, 0.0, 0.0, 0.0, 0.0, 0.0, 0.0]
Uap verified proportion [0.0, 0.0, 0.0, 0.0, 0.0, 0.0, 0.0, 0.0, 0.0, 0.0]
Times: [28.551109075546265, 17.208760261535645, 497.35456442832947, -16886478592.722723, 217.46082544326782]

Property No. 2

individual verified proportion [0.0, 0.0, 0.0, 0.0, 0.0, 0.0, 0.0, 0.0, 0.0, 0.0]
baseline verified proportion [0.0, 0.0, 0.0, 0.0, 0.0, 0.0, 0.0, 0.0, 0.0, 0.0]
Uap verified proportion [0.0, 0.0, 0.0, 0.0, 0.0, 0.0, 0.0, 0.0, 0.0, 0.0]
Times: [25.85492444038391, 12.737812280654907, 276.70397448539734, -16886482124.171106, 117.54886627197266]

Property No. 3

individual verified proportion [0.0, 0.0, 0.0, 0.0, 0.0, 0.0, 0.0, 0.0, 0.0, 0.0]
baseline verified proportion [0.0, 0.0, 0.0, 0.0, 0.0, 0.0, 0.0, 0.0, 0.0, 0.0]
Uap verified proportion [0.0, 0.0, 0.0, 0.0, 0.0, 0.0, 0.0, 0.0, 0.0, 0.0]
Times: [11.74399209022522, 10.775790214538574, 272.3777313232422, -16886485064.934181, 132.05546379089355]

Property No. 4

individual verified proportion [0.0, 0.0, 0.0, 0.0, 0.0, 0.0, 0.0, 0.0, 0.0, 0.0]
baseline verified proportion [0.0, 0.0, 0.0, 0.0, 0.0, 0.0, 0.0, 0.0, 0.0, 0.0]
Uap verified proportion [0.0, 0.0, 0.0, 0.0, 0.0, 0.0, 0.0, 0.0, 0.0, 0.0]
Times: [13.736159563064575, 11.635762929916382, 253.41977739334106, -16886487911.811888, 104.52653884887695]

Property No. 5

individual verified proportion [0.0, 0.0, 0.0, 0.0, 0.0, 0.0, 0.0, 0.0, 0.0, 0.0]
baseline verified proportion [0.0, 0.0, 0.0, 0.0, 0.0, 0.0, 0.0, 0.0, 0.0, 0.0]
Uap verified proportion [0.0, 0.0, 0.0, 0.0, 0.0, 0.0, 0.0, 0.0, 0.0, 0.0]
Times: [14.940245151519775, 10.820971012115479, 237.88213276863098, -16886490557.054232, 153.1838607788086]

Property No. 6

individual verified proportion [0.0, 0.0, 0.0, 0.0, 0.0, 0.0, 0.0, 0.0, 0.0, 0.0]
baseline verified proportion [0.0, 0.0, 0.0, 0.0, 0.0, 0.0, 0.0, 0.0, 0.0, 0.0]
Uap verified proportion [0.0, 0.0, 0.0, 0.0, 0.0, 0.0, 0.0, 0.0, 0.0, 0.0]
Times: [18.2282075881958, 12.608518123626709, 235.40218663215637, -16886493211.674126, 137.77077436447144]

Property No. 7

individual verified proportion [0.0, 0.0, 0.0, 0.0, 0.0, 0.0, 0.0, 0.0, 0.0, 0.0]
baseline verified proportion [0.0, 0.0, 0.0, 0.0, 0.0, 0.0, 0.0, 0.0, 0.0, 0.0]
Uap verified proportion [0.0, 0.0, 0.0, 0.0, 0.0, 0.0, 0.0, 0.0, 0.0, 0.0]
Times: [13.465203285217285, 9.333843231201172, 212.48235750198364, -16886495579.084572, 110.80235004425049]

Property No. 8

individual verified proportion [0.0, 0.0, 0.0, 0.0, 0.0, 0.0, 0.0, 0.0, 0.0, 0.0]
baseline verified proportion [0.0, 0.0, 0.0, 0.0, 0.0, 0.0, 0.0, 0.0, 0.0, 0.0]
Uap verified proportion [0.0, 0.0, 0.0, 0.0, 0.0, 0.0, 0.0, 0.0, 0.0, 0.0]
Times: [11.967702865600586, 9.602425813674927, 223.39495515823364, -16886498016.217482, 123.1286096572876]

Property No. 9

individual verified proportion [0.0, 0.0, 0.0, 0.0, 0.0, 0.0, 0.0, 0.0, 0.0, 0.0]
baseline verified proportion [0.0, 0.0, 0.0, 0.0, 0.0, 0.0, 0.0, 0.0, 0.0, 0.0]
Uap verified proportion [0.0, 0.0, 0.0, 0.0, 0.0, 0.0, 0.0, 0.0, 0.0, 0.0]
Times: [11.730973243713379, 8.660301446914673, 222.56373691558838, -16886500425.388485, 137.16910123825073]

Property No. 10

individual verified proportion [0.0, 0.0, 0.0, 0.0, 0.0, 0.0, 0.0, 0.0, 0.0, 0.0]
baseline verified proportion [0.0, 0.0, 0.0, 0.0, 0.0, 0.0, 0.0, 0.0, 0.0, 0.0]
Uap verified proportion [0.0, 0.0, 0.0, 0.0, 0.0, 0.0, 0.0, 0.0, 0.0, 0.0]
Times: [12.682826519012451, 9.076585054397583, 221.29182195663452, -16886502893.70684, 103.85826587677002]

Property No. 11

individual verified proportion [0.0, 0.0, 0.0, 0.0, 0.0, 0.0, 0.0, 0.0, 0.0, 0.0]
baseline verified proportion [0.0, 0.0, 0.0, 0.0, 0.0, 0.0, 0.0, 0.0, 0.0, 0.0]
Uap verified proportion [0.0, 0.0, 0.0, 0.0, 0.0, 0.0, 0.0, 0.0, 0.0, 0.0]
Times: [12.952674627304077, 8.467061519622803, 237.04563546180725, -16886505434.076632, 109.12824630737305]

Property No. 12

individual verified proportion [0.0, 0.0, 0.0, 0.0, 0.0, 0.0, 0.0, 0.0, 0.0, 0.0]
baseline verified proportion [0.0, 0.0, 0.0, 0.0, 0.0, 0.0, 0.0, 0.0, 0.0, 0.0]
Uap verified proportion [0.0, 0.0, 0.0, 0.0, 0.0, 0.0, 0.0, 0.0, 0.0, 0.0]
Times: [12.375673770904541, 6.960551500320435, 213.6243441104889, -16886507816.31071, 111.4081335067749]

Property No. 13

individual verified proportion [0.0, 0.0, 0.0, 0.0, 0.0, 0.0, 0.0, 0.0, 0.0, 0.0]
baseline verified proportion [0.0, 0.0, 0.0, 0.0, 0.0, 0.0, 0.0, 0.0, 0.0, 0.0]
Uap verified proportion [0.0, 0.0, 0.0, 0.0, 0.0, 0.0, 0.0, 0.0, 0.0, 0.0]
Times: [12.021687507629395, 9.04543924331665, 226.4865276813507, -16886510252.43736, 159.19417142868042]

Property No. 14

individual verified proportion [0.0, 0.0, 0.0, 0.0, 0.0, 0.0, 0.0, 0.0, 0.0, 0.0]
baseline verified proportion [0.0, 0.0, 0.0, 0.0, 0.0, 0.0, 0.0, 0.0, 0.0, 0.0]
Uap verified proportion [0.0, 0.0, 0.0, 0.0, 0.0, 0.0, 0.0, 0.0, 0.0, 0.0]
Times: [14.10245132446289, 17.505663871765137, 261.2860596179962, -16886513106.27064, 176.6690230369568]

Property No. 15

individual verified proportion [0.0, 0.0, 0.0, 0.0, 0.0, 0.0, 0.0, 0.0, 0.0, 0.0]
baseline verified proportion [0.0, 0.0, 0.0, 0.0, 0.0, 0.0, 0.0, 0.0, 0.0, 0.0]
Uap verified proportion [0.0, 0.0, 0.0, 0.0, 0.0, 0.0, 0.0, 0.0, 0.0, 0.0]
Times: [17.704703330993652, 14.465282917022705, 259.9427692890167, -16886516022.325134, 86.9980239868164]

Property No. 16

individual verified proportion [0.0, 0.0, 0.0, 0.0, 0.0, 0.0, 0.0, 0.0, 0.0, 0.0]
baseline verified proportion [0.0, 0.0, 0.0, 0.0, 0.0, 0.0, 0.0, 0.0, 0.0, 0.0]
Uap verified proportion [0.0, 0.0, 0.0, 0.0, 0.0, 0.0, 0.0, 0.0, 0.0, 0.0]
Times: [11.63767695426941, 8.55909538269043, 221.49241495132446, -16886518578.022419, 131.4802360534668]

Property No. 17

individual verified proportion [0.0, 0.0, 0.0, 0.0, 0.0, 0.0, 0.0, 0.0, 0.0, 0.0]
baseline verified proportion [0.0, 0.0, 0.0, 0.0, 0.0, 0.0, 0.0, 0.0, 0.0, 0.0]
Uap verified proportion [0.0, 0.0, 0.0, 0.0, 0.0, 0.0, 0.0, 0.0, 0.0, 0.0]
Times: [12.179087162017822, 11.839640617370605, 213.0648992061615, -16886520935.2586, 107.74435758590698]

Property No. 18

individual verified proportion [0.0, 0.0, 0.0, 0.0, 0.0, 0.0, 0.0, 0.0, 0.0, 0.0]
baseline verified proportion [0.0, 0.0, 0.0, 0.0, 0.0, 0.0, 0.0, 0.0, 0.0, 0.0]
Uap verified proportion [0.0, 0.0, 0.0, 0.0, 0.0, 0.0, 0.0, 0.0, 0.0, 0.0]
Times: [11.989273071289062, 8.164432764053345, 179.20231461524963, -16886522951.404533, 108.18595886230469]

Property No. 19

individual verified proportion [0.0, 0.0, 0.0, 0.0, 0.0, 0.0, 0.0, 0.0, 0.0, 0.0]
baseline verified proportion [0.0, 0.0, 0.0, 0.0, 0.0, 0.0, 0.0, 0.0, 0.0, 0.0]
Uap verified proportion [0.0, 0.0, 0.0, 0.0, 0.0, 0.0, 0.0, 0.0, 0.0, 0.0]
Times: [8.9155433177948, 6.036707639694214, 136.32489323616028, -16886524494.18285, 62.00021982192993]



Eps : 0.045
Individual verified: [0.0, 0.0, 0.0, 0.0, 0.0, 0.0, 0.0, 0.0, 0.0, 0.0] total: 0.0
Baseline verified: [0.0, 0.0, 0.0, 0.0, 0.0, 0.0, 0.0, 0.0, 0.0, 0.0] total: 0.0
Uap verified: [0.0, 0.0, 0.0, 0.0, 0.0, 0.0, 0.0, 0.0, 0.0, 0.0] total: 0.0
Extra verified: [0.0, 0.0, 0.0, 0.0, 0.0, 0.0, 0.0, 0.0, 0.0, 0.0] total: 0.0
times: [312.7563364505768, 537.1684763431549, 5387.013500213623, -337730027310.56635, 2560.1052927970886]
