
Property No. 0

individual verified proportion [1.0, 1.0, 1.0, 1.0, 1.0, 1.0, 1.0, 1.0, 1.0, 1.0]
baseline verified proportion [1.0, 1.0, 1.0, 1.0, 1.0, 1.0, 1.0, 1.0, 1.0, 1.0]
Uap verified proportion [1.0, 1.0, 1.0, 1.0, 1.0, 1.0, 1.0, 1.0, 1.0, 1.0]
Times: [63.48596668243408, 26.15909695625305, 4694.569305419922, -16886488593.075089, 632.77583360672]

Property No. 1

individual verified proportion [1.0, 1.0, 1.0, 1.0, 1.0, 1.0, 1.0, 1.0, 1.0, 1.0]
baseline verified proportion [1.0, 1.0, 1.0, 1.0, 1.0, 1.0, 1.0, 1.0, 1.0, 1.0]
Uap verified proportion [1.0, 1.0, 1.0, 1.0, 1.0, 1.0, 1.0, 1.0, 1.0, 1.0]
Times: [26.866674184799194, 11.473469734191895, 2526.0887627601624, -16886525158.997917, 321.7957401275635]

Property No. 2

individual verified proportion [1.0, 1.0, 1.0, 1.0, 1.0, 1.0, 1.0, 1.0, 1.0, 1.0]
baseline verified proportion [1.0, 1.0, 1.0, 1.0, 1.0, 1.0, 1.0, 1.0, 1.0, 1.0]
Uap verified proportion [1.0, 1.0, 1.0, 1.0, 1.0, 1.0, 1.0, 1.0, 1.0, 1.0]
Times: [16.191941022872925, 6.168625593185425, 1408.6466069221497, -16886546975.300758, 190.28355836868286]

Property No. 3

individual verified proportion [1.0, 1.0, 1.0, 1.0, 1.0, 1.0, 1.0, 1.0, 1.0, 1.0]
baseline verified proportion [1.0, 1.0, 1.0, 1.0, 1.0, 1.0, 1.0, 1.0, 1.0, 1.0]
Uap verified proportion [1.0, 1.0, 1.0, 1.0, 1.0, 1.0, 1.0, 1.0, 1.0, 1.0]
Times: [6.873234748840332, 4.3229310512542725, 1568.672606229782, -16886559786.683868, 188.09594631195068]

Property No. 4

individual verified proportion [1.0, 1.0, 1.0, 1.0, 1.0, 1.0, 1.0, 1.0, 1.0, 1.0]
baseline verified proportion [1.0, 1.0, 1.0, 1.0, 1.0, 1.0, 1.0, 1.0, 1.0, 1.0]
Uap verified proportion [1.0, 1.0, 1.0, 1.0, 1.0, 1.0, 1.0, 1.0, 1.0, 1.0]
Times: [8.060199975967407, 7.612513065338135, 909.9081404209137, -16886574986.377352, 128.64546060562134]

Property No. 5

individual verified proportion [1.0, 1.0, 1.0, 1.0, 1.0, 1.0, 1.0, 1.0, 1.0, 1.0]
baseline verified proportion [1.0, 1.0, 1.0, 1.0, 1.0, 1.0, 1.0, 1.0, 1.0, 1.0]
Uap verified proportion [1.0, 1.0, 1.0, 1.0, 1.0, 1.0, 1.0, 1.0, 1.0, 1.0]
Times: [0.3158113956451416, 2.6172807216644287, 684.4725687503815, -16886582794.663427, 127.45577573776245]

Property No. 6

individual verified proportion [1.0, 1.0, 1.0, 1.0, 1.0, 1.0, 1.0, 1.0, 1.0, 1.0]
baseline verified proportion [1.0, 1.0, 1.0, 1.0, 1.0, 1.0, 1.0, 1.0, 1.0, 1.0]
Uap verified proportion [1.0, 1.0, 1.0, 1.0, 1.0, 1.0, 1.0, 1.0, 1.0, 1.0]
Times: [0.17551374435424805, 2.2861719131469727, 679.9204366207123, -16886589630.162851, 131.93182468414307]

Property No. 7

individual verified proportion [1.0, 1.0, 1.0, 1.0, 1.0, 1.0, 1.0, 1.0, 1.0, 1.0]
baseline verified proportion [1.0, 1.0, 1.0, 1.0, 1.0, 1.0, 1.0, 1.0, 1.0, 1.0]
Uap verified proportion [1.0, 1.0, 1.0, 1.0, 1.0, 1.0, 1.0, 1.0, 1.0, 1.0]
Times: [1.119814157485962, 2.4581634998321533, 696.5803186893463, -16886596574.956776, 113.35471153259277]

Property No. 8

individual verified proportion [1.0, 1.0, 1.0, 1.0, 1.0, 1.0, 1.0, 1.0, 1.0, 1.0]
baseline verified proportion [1.0, 1.0, 1.0, 1.0, 1.0, 1.0, 1.0, 1.0, 1.0, 1.0]
Uap verified proportion [1.0, 1.0, 1.0, 1.0, 1.0, 1.0, 1.0, 1.0, 1.0, 1.0]
Times: [0.1717362403869629, 2.3276829719543457, 704.0126576423645, -16886603631.78167, 136.2870693206787]

Property No. 9

individual verified proportion [1.0, 1.0, 1.0, 1.0, 1.0, 1.0, 1.0, 1.0, 1.0, 1.0]
baseline verified proportion [1.0, 1.0, 1.0, 1.0, 1.0, 1.0, 1.0, 1.0, 1.0, 1.0]
Uap verified proportion [1.0, 1.0, 1.0, 1.0, 1.0, 1.0, 1.0, 1.0, 1.0, 1.0]
Times: [0.15570950508117676, 2.356588840484619, 695.5275158882141, -16886610533.777044, 138.20026636123657]

Property No. 10

individual verified proportion [1.0, 1.0, 1.0, 1.0, 1.0, 1.0, 1.0, 1.0, 1.0, 1.0]
baseline verified proportion [1.0, 1.0, 1.0, 1.0, 1.0, 1.0, 1.0, 1.0, 1.0, 1.0]
Uap verified proportion [1.0, 1.0, 1.0, 1.0, 1.0, 1.0, 1.0, 1.0, 1.0, 1.0]
Times: [0.14162325859069824, 3.446493625640869, 667.854208946228, -16886617452.069813, 111.60534143447876]

Property No. 11

individual verified proportion [1.0, 1.0, 1.0, 1.0, 1.0, 1.0, 1.0, 1.0, 1.0, 1.0]
baseline verified proportion [1.0, 1.0, 1.0, 1.0, 1.0, 1.0, 1.0, 1.0, 1.0, 1.0]
Uap verified proportion [1.0, 1.0, 1.0, 1.0, 1.0, 1.0, 1.0, 1.0, 1.0, 1.0]
Times: [0.17401528358459473, 2.289567708969116, 686.4802160263062, -16886624306.444986, 134.0544557571411]

Property No. 12

individual verified proportion [1.0, 1.0, 1.0, 1.0, 1.0, 1.0, 1.0, 1.0, 1.0, 1.0]
baseline verified proportion [1.0, 1.0, 1.0, 1.0, 1.0, 1.0, 1.0, 1.0, 1.0, 1.0]
Uap verified proportion [1.0, 1.0, 1.0, 1.0, 1.0, 1.0, 1.0, 1.0, 1.0, 1.0]
Times: [1.1040515899658203, 2.3527143001556396, 675.2539021968842, -16886631099.138428, 131.77510738372803]

Property No. 13

individual verified proportion [1.0, 1.0, 1.0, 1.0, 1.0, 1.0, 1.0, 1.0, 1.0, 0.800000011920929]
baseline verified proportion [1.0, 1.0, 1.0, 1.0, 1.0, 1.0, 1.0, 1.0, 1.0, 0.8]
Uap verified proportion [1.0, 1.0, 1.0, 1.0, 1.0, 1.0, 1.0, 1.0, 1.0, 1.0]
Times: [0.5392062664031982, 2.338268995285034, 924.9438660144806, -16886640461.868975, 181.91133737564087]

Property No. 14

individual verified proportion [1.0, 1.0, 1.0, 1.0, 1.0, 1.0, 1.0, 1.0, 1.0, 1.0]
baseline verified proportion [1.0, 1.0, 1.0, 1.0, 1.0, 1.0, 1.0, 1.0, 1.0, 1.0]
Uap verified proportion [1.0, 1.0, 1.0, 1.0, 1.0, 1.0, 1.0, 1.0, 1.0, 1.0]
Times: [0.18419194221496582, 2.660428762435913, 754.6522860527039, -16886647631.817377, 159.29268598556519]

Property No. 15

individual verified proportion [1.0, 1.0, 1.0, 1.0, 1.0, 1.0, 1.0, 1.0, 1.0, 1.0]
baseline verified proportion [1.0, 1.0, 1.0, 1.0, 1.0, 1.0, 1.0, 1.0, 1.0, 1.0]
Uap verified proportion [1.0, 1.0, 1.0, 1.0, 1.0, 1.0, 1.0, 1.0, 1.0, 1.0]
Times: [0.1924285888671875, 4.035557508468628, 800.2245628833771, -16886655066.442263, 164.8205018043518]

Property No. 16

individual verified proportion [1.0, 1.0, 1.0, 1.0, 1.0, 1.0, 1.0, 1.0, 1.0, 1.0]
baseline verified proportion [1.0, 1.0, 1.0, 1.0, 1.0, 1.0, 1.0, 1.0, 1.0, 1.0]
Uap verified proportion [1.0, 1.0, 1.0, 1.0, 1.0, 1.0, 1.0, 1.0, 1.0, 1.0]
Times: [0.1802661418914795, 3.8394970893859863, 696.8461575508118, -16886662816.762087, 139.37954187393188]

Property No. 17

individual verified proportion [1.0, 1.0, 1.0, 1.0, 1.0, 1.0, 1.0, 1.0, 1.0, 1.0]
baseline verified proportion [1.0, 1.0, 1.0, 1.0, 1.0, 1.0, 1.0, 1.0, 1.0, 1.0]
Uap verified proportion [1.0, 1.0, 1.0, 1.0, 1.0, 1.0, 1.0, 1.0, 1.0, 1.0]
Times: [0.19704580307006836, 2.940626859664917, 711.779759645462, -16886669919.561808, 137.42228984832764]

Property No. 18

individual verified proportion [1.0, 1.0, 1.0, 1.0, 1.0, 1.0, 1.0, 1.0, 1.0, 1.0]
baseline verified proportion [1.0, 1.0, 1.0, 1.0, 1.0, 1.0, 1.0, 1.0, 1.0, 1.0]
Uap verified proportion [1.0, 1.0, 1.0, 1.0, 1.0, 1.0, 1.0, 1.0, 1.0, 1.0]
Times: [0.16911888122558594, 4.4684576988220215, 693.6318624019623, -16886677047.16875, 132.00381755828857]

Property No. 19

individual verified proportion [1.0, 1.0, 1.0, 1.0, 1.0, 1.0, 1.0, 1.0, 1.0, 1.0]
baseline verified proportion [1.0, 1.0, 1.0, 1.0, 1.0, 1.0, 1.0, 1.0, 1.0, 1.0]
Uap verified proportion [1.0, 1.0, 1.0, 1.0, 1.0, 1.0, 1.0, 1.0, 1.0, 1.0]
Times: [0.7228100299835205, 2.3802525997161865, 690.7618305683136, -16886683932.319891, 137.1442675590515]



Eps : 0.01
Individual verified: [92.0, 86.0, 92.0, 89.0, 86.0, 93.0, 90.0, 85.0, 98.0, 88.0] total: 899.0
Baseline verified: [92.0, 86.0, 92.0, 89.0, 86.0, 93.0, 90.0, 85.0, 98.0, 88.0] total: 899.0
Uap verified: [92.0, 86.0, 92.0, 89.0, 86.0, 93.0, 90.0, 85.0, 98.0, 89.0] total: 900.0
Extra verified: [0.0, 0.0, 0.0, 0.0, 0.0, 0.0, 0.0, 0.0, 0.0, 1.0] total: 1.0
times: [127.02135944366455, 225.55574893951416, 21997.848931074142, -337732188399.37115, 3538.2355332374573]

Property No. 0

individual verified proportion [1.0, 1.0, 1.0, 1.0, 1.0, 1.0, 1.0, 1.0, 1.0, 1.0]
baseline verified proportion [1.0, 1.0, 1.0, 1.0, 1.0, 1.0, 1.0, 1.0, 1.0, 1.0]
Uap verified proportion [1.0, 1.0, 1.0, 1.0, 1.0, 1.0, 1.0, 1.0, 1.0, 1.0]
Times: [17.48926591873169, 7.2488648891448975, 1750.1781196594238, -16886732680.965425, 292.27091789245605]

Property No. 1

individual verified proportion [1.0, 1.0, 1.0, 1.0, 1.0, 1.0, 1.0, 1.0, 1.0, 1.0]
baseline verified proportion [1.0, 1.0, 1.0, 1.0, 1.0, 1.0, 1.0, 1.0, 1.0, 1.0]
Uap verified proportion [1.0, 1.0, 1.0, 1.0, 1.0, 1.0, 1.0, 1.0, 1.0, 1.0]
Times: [6.198892593383789, 4.764691352844238, 1810.554587841034, -16886748909.147913, 428.33771228790283]

Property No. 2

individual verified proportion [1.0, 1.0, 1.0, 1.0, 1.0, 1.0, 1.0, 1.0, 1.0, 1.0]
baseline verified proportion [1.0, 1.0, 1.0, 1.0, 1.0, 1.0, 1.0, 1.0, 1.0, 1.0]
Uap verified proportion [1.0, 1.0, 1.0, 1.0, 1.0, 1.0, 1.0, 1.0, 1.0, 1.0]
Times: [8.710715770721436, 7.865828275680542, 2239.04385304451, -16886768459.503462, 349.60493087768555]

Property No. 3

individual verified proportion [1.0, 1.0, 1.0, 1.0, 1.0, 1.0, 1.0, 1.0, 1.0, 1.0]
baseline verified proportion [1.0, 1.0, 1.0, 1.0, 1.0, 1.0, 1.0, 1.0, 1.0, 1.0]
Uap verified proportion [1.0, 1.0, 1.0, 1.0, 1.0, 1.0, 1.0, 1.0, 1.0, 1.0]
Times: [9.984558582305908, 8.385995626449585, 2447.8163204193115, -16886789666.88511, 182.47703552246094]

Property No. 4

individual verified proportion [1.0, 1.0, 1.0, 1.0, 1.0, 1.0, 1.0, 1.0, 1.0, 1.0]
baseline verified proportion [1.0, 1.0, 1.0, 1.0, 1.0, 1.0, 1.0, 1.0, 1.0, 1.0]
Uap verified proportion [1.0, 1.0, 1.0, 1.0, 1.0, 1.0, 1.0, 1.0, 1.0, 1.0]
Times: [7.6584038734436035, 5.105381727218628, 2117.9848852157593, -16886815355.766336, 313.19171667099]

Property No. 5

individual verified proportion [1.0, 1.0, 1.0, 1.0, 1.0, 1.0, 1.0, 1.0, 1.0, 1.0]
baseline verified proportion [1.0, 1.0, 1.0, 1.0, 1.0, 1.0, 1.0, 1.0, 1.0, 1.0]
Uap verified proportion [1.0, 1.0, 1.0, 1.0, 1.0, 1.0, 1.0, 1.0, 1.0, 1.0]
Times: [11.921552181243896, 7.5215513706207275, 2204.1838941574097, -16886835608.25369, 233.02767753601074]

Property No. 6

individual verified proportion [1.0, 1.0, 1.0, 1.0, 1.0, 1.0, 1.0, 1.0, 1.0, 1.0]
baseline verified proportion [1.0, 1.0, 1.0, 1.0, 1.0, 1.0, 1.0, 1.0, 1.0, 1.0]
Uap verified proportion [1.0, 1.0, 1.0, 1.0, 1.0, 1.0, 1.0, 1.0, 1.0, 1.0]
Times: [6.70764946937561, 6.908730506896973, 1241.1311573982239, -16886856558.315125, 248.0336570739746]

Property No. 7

individual verified proportion [1.0, 1.0, 1.0, 1.0, 1.0, 1.0, 1.0, 1.0, 1.0, 1.0]
baseline verified proportion [1.0, 1.0, 1.0, 1.0, 1.0, 1.0, 1.0, 1.0, 1.0, 1.0]
Uap verified proportion [1.0, 1.0, 1.0, 1.0, 1.0, 1.0, 1.0, 1.0, 1.0, 1.0]
Times: [5.951844215393066, 8.564416885375977, 1597.3366627693176, -16886869454.67749, 147.12399244308472]

Property No. 8

individual verified proportion [1.0, 1.0, 1.0, 1.0, 1.0, 1.0, 1.0, 1.0, 1.0, 1.0]
baseline verified proportion [1.0, 1.0, 1.0, 1.0, 1.0, 1.0, 1.0, 1.0, 1.0, 1.0]
Uap verified proportion [1.0, 1.0, 1.0, 1.0, 1.0, 1.0, 1.0, 1.0, 1.0, 1.0]
Times: [1.7661499977111816, 3.2741661071777344, 1326.3399229049683, -16886884390.81526, 260.66702365875244]

Property No. 9

individual verified proportion [1.0, 1.0, 1.0, 1.0, 1.0, 1.0, 1.0, 1.0, 1.0, 1.0]
baseline verified proportion [1.0, 1.0, 1.0, 1.0, 1.0, 1.0, 1.0, 1.0, 1.0, 1.0]
Uap verified proportion [1.0, 1.0, 1.0, 1.0, 1.0, 1.0, 1.0, 1.0, 1.0, 1.0]
Times: [8.115899562835693, 8.530603170394897, 1311.7809772491455, -16886897788.67771, 202.73723363876343]

Property No. 10

individual verified proportion [1.0, 1.0, 1.0, 1.0, 1.0, 1.0, 1.0, 1.0, 1.0, 1.0]
baseline verified proportion [1.0, 1.0, 1.0, 1.0, 1.0, 1.0, 1.0, 1.0, 1.0, 1.0]
Uap verified proportion [1.0, 1.0, 1.0, 1.0, 1.0, 1.0, 1.0, 1.0, 1.0, 1.0]
Times: [0.3902416229248047, 3.8786885738372803, 1149.1059174537659, -16886910637.757278, 163.91340017318726]

Property No. 11

individual verified proportion [1.0, 1.0, 1.0, 1.0, 1.0, 1.0, 1.0, 1.0, 1.0, 1.0]
baseline verified proportion [1.0, 1.0, 1.0, 1.0, 1.0, 1.0, 1.0, 1.0, 1.0, 1.0]
Uap verified proportion [1.0, 1.0, 1.0, 1.0, 1.0, 1.0, 1.0, 1.0, 1.0, 1.0]
Times: [0.20175981521606445, 4.356444597244263, 1159.231986284256, -16886922574.673803, 199.1209578514099]

Property No. 12

individual verified proportion [1.0, 1.0, 1.0, 1.0, 1.0, 1.0, 1.0, 1.0, 1.0, 1.0]
baseline verified proportion [1.0, 1.0, 1.0, 1.0, 1.0, 1.0, 1.0, 1.0, 1.0, 1.0]
Uap verified proportion [1.0, 1.0, 1.0, 1.0, 1.0, 1.0, 1.0, 1.0, 1.0, 1.0]
Times: [0.20081067085266113, 4.018646478652954, 981.1121001243591, -16886934007.669792, 363.85005950927734]

Property No. 13

individual verified proportion [1.0, 1.0, 1.0, 1.0, 1.0, 1.0, 1.0, 1.0, 1.0, 0.800000011920929]
baseline verified proportion [1.0, 1.0, 1.0, 1.0, 1.0, 1.0, 1.0, 1.0, 1.0, 0.8]
Uap verified proportion [1.0, 1.0, 1.0, 1.0, 1.0, 1.0, 1.0, 1.0, 1.0, 1.0]
Times: [5.619281530380249, 7.987630605697632, 1374.8963210582733, -16886946865.005005, 273.17779541015625]

Property No. 14

individual verified proportion [1.0, 1.0, 1.0, 1.0, 1.0, 1.0, 1.0, 1.0, 1.0, 1.0]
baseline verified proportion [1.0, 1.0, 1.0, 1.0, 1.0, 1.0, 1.0, 1.0, 1.0, 1.0]
Uap verified proportion [1.0, 1.0, 1.0, 1.0, 1.0, 1.0, 1.0, 1.0, 1.0, 1.0]
Times: [0.5659358501434326, 3.9279868602752686, 941.8113825321198, -16886957335.304169, 248.5363507270813]

Property No. 15

individual verified proportion [1.0, 1.0, 1.0, 1.0, 1.0, 1.0, 1.0, 1.0, 1.0, 1.0]
baseline verified proportion [1.0, 1.0, 1.0, 1.0, 1.0, 1.0, 1.0, 1.0, 1.0, 1.0]
Uap verified proportion [1.0, 1.0, 1.0, 1.0, 1.0, 1.0, 1.0, 1.0, 1.0, 1.0]
Times: [5.171563625335693, 5.813724756240845, 1183.068088054657, -16886967745.24689, 171.92545652389526]

Property No. 16

individual verified proportion [1.0, 1.0, 1.0, 1.0, 1.0, 1.0, 1.0, 1.0, 1.0, 1.0]
baseline verified proportion [1.0, 1.0, 1.0, 1.0, 1.0, 1.0, 1.0, 1.0, 1.0, 1.0]
Uap verified proportion [1.0, 1.0, 1.0, 1.0, 1.0, 1.0, 1.0, 1.0, 1.0, 1.0]
Times: [2.4371933937072754, 4.60077166557312, 948.8206069469452, -16886978983.97972, 197.71599531173706]

Property No. 17

individual verified proportion [1.0, 1.0, 1.0, 1.0, 1.0, 1.0, 1.0, 1.0, 1.0, 1.0]
baseline verified proportion [1.0, 1.0, 1.0, 1.0, 1.0, 1.0, 1.0, 1.0, 1.0, 1.0]
Uap verified proportion [1.0, 1.0, 1.0, 1.0, 1.0, 1.0, 1.0, 1.0, 1.0, 1.0]
Times: [5.591970920562744, 5.956280469894409, 1065.8739717006683, -16886988436.431276, 188.0081081390381]

Property No. 18

individual verified proportion [1.0, 1.0, 1.0, 1.0, 1.0, 1.0, 1.0, 1.0, 1.0, 1.0]
baseline verified proportion [1.0, 1.0, 1.0, 1.0, 1.0, 1.0, 1.0, 1.0, 1.0, 1.0]
Uap verified proportion [1.0, 1.0, 1.0, 1.0, 1.0, 1.0, 1.0, 1.0, 1.0, 1.0]
Times: [0.5101134777069092, 4.260041236877441, 1025.9906120300293, -16886999064.288368, 266.54324531555176]

Property No. 19

individual verified proportion [1.0, 1.0, 1.0, 1.0, 1.0, 1.0, 1.0, 1.0, 1.0, 1.0]
baseline verified proportion [1.0, 1.0, 1.0, 1.0, 1.0, 1.0, 1.0, 1.0, 1.0, 1.0]
Uap verified proportion [1.0, 1.0, 1.0, 1.0, 1.0, 1.0, 1.0, 1.0, 1.0, 1.0]
Times: [2.727346897125244, 4.627242565155029, 1046.9008555412292, -16887009434.781921, 241.7353343963623]



Eps : 0.01
Individual verified: [92.0, 86.0, 92.0, 89.0, 86.0, 93.0, 90.0, 85.0, 98.0, 88.0] total: 899.0
Baseline verified: [92.0, 86.0, 92.0, 89.0, 86.0, 93.0, 90.0, 85.0, 98.0, 88.0] total: 899.0
Uap verified: [92.0, 86.0, 92.0, 89.0, 86.0, 93.0, 90.0, 85.0, 98.0, 89.0] total: 900.0
Extra verified: [0.0, 0.0, 0.0, 0.0, 0.0, 0.0, 0.0, 0.0, 0.0, 1.0] total: 1.0
times: [107.92114996910095, 225.5188376903534, 29031.083372354507, -337737813958.14575, 4971.998600959778]
