
Property No. 0

individual verified proportion [0.0, 0.0, 0.0, 0.0, 0.0, 0.0, 0.0, 0.0, 0.0, 0.0]
baseline verified proportion [0.0, 0.0, 0.0, 0.0, 0.0, 0.0, 0.0, 0.0, 0.0, 0.0]
Uap verified proportion [0.0, 0.0, 0.0, 0.0, 0.0, 0.0, 0.0, 0.0, 0.0, 0.0]
Times: [36.312581062316895, 15.517280101776123, 469.18333315849304, -16886473271.53597, 208.78767251968384]

Property No. 1

individual verified proportion [0.0, 0.0, 0.0, 0.0, 0.0, 0.0, 0.0, 0.0, 0.0, 0.0]
baseline verified proportion [0.0, 0.0, 0.0, 0.0, 0.0, 0.0, 0.0, 0.0, 0.0, 0.0]
Uap verified proportion [0.0, 0.0, 0.0, 0.0, 0.0, 0.0, 0.0, 0.0, 0.0, 0.0]
Times: [29.306697607040405, 12.617582559585571, 515.7841484546661, -16886478737.996262, 218.42607975006104]

Property No. 2

individual verified proportion [0.0, 0.0, 0.0, 0.0, 0.0, 0.0, 0.0, 0.0, 0.0, 0.0]
baseline verified proportion [0.0, 0.0, 0.0, 0.0, 0.0, 0.0, 0.0, 0.0, 0.0, 0.0]
Uap verified proportion [0.0, 0.0, 0.0, 0.0, 0.0, 0.0, 0.0, 0.0, 0.0, 0.0]
Times: [25.147273063659668, 15.610615730285645, 265.67233538627625, -16886482137.54332, 78.07719707489014]

Property No. 3

individual verified proportion [0.0, 0.0, 0.0, 0.0, 0.0, 0.0, 0.0, 0.0, 0.0, 0.0]
baseline verified proportion [0.0, 0.0, 0.0, 0.0, 0.0, 0.0, 0.0, 0.0, 0.0, 0.0]
Uap verified proportion [0.0, 0.0, 0.0, 0.0, 0.0, 0.0, 0.0, 0.0, 0.0, 0.0]
Times: [11.598538398742676, 8.562725305557251, 253.03595662117004, -16886484892.633232, 119.45197820663452]

Property No. 4

individual verified proportion [0.0, 0.0, 0.0, 0.0, 0.0, 0.0, 0.0, 0.0, 0.0, 0.0]
baseline verified proportion [0.0, 0.0, 0.0, 0.0, 0.0, 0.0, 0.0, 0.0, 0.0, 0.0]
Uap verified proportion [0.0, 0.0, 0.0, 0.0, 0.0, 0.0, 0.0, 0.0, 0.0, 0.0]
Times: [12.128538608551025, 10.92235279083252, 252.1865372657776, -16886487604.369225, 115.59037446975708]

Property No. 5

individual verified proportion [0.0, 0.0, 0.0, 0.0, 0.0, 0.0, 0.0, 0.0, 0.0, 0.0]
baseline verified proportion [0.0, 0.0, 0.0, 0.0, 0.0, 0.0, 0.0, 0.0, 0.0, 0.0]
Uap verified proportion [0.0, 0.0, 0.0, 0.0, 0.0, 0.0, 0.0, 0.0, 0.0, 0.0]
Times: [14.429027557373047, 11.899091243743896, 242.97018671035767, -16886490294.400333, 122.70176410675049]

Property No. 6

individual verified proportion [0.0, 0.0, 0.0, 0.0, 0.0, 0.0, 0.0, 0.0, 0.0, 0.0]
baseline verified proportion [0.0, 0.0, 0.0, 0.0, 0.0, 0.0, 0.0, 0.0, 0.0, 0.0]
Uap verified proportion [0.0, 0.0, 0.0, 0.0, 0.0, 0.0, 0.0, 0.0, 0.0, 0.0]
Times: [18.07275915145874, 13.579323053359985, 238.28128695487976, -16886493047.605478, 106.16901874542236]

Property No. 7

individual verified proportion [0.0, 0.0, 0.0, 0.0, 0.0, 0.0, 0.0, 0.0, 0.0, 0.0]
baseline verified proportion [0.0, 0.0, 0.0, 0.0, 0.0, 0.0, 0.0, 0.0, 0.0, 0.0]
Uap verified proportion [0.0, 0.0, 0.0, 0.0, 0.0, 0.0, 0.0, 0.0, 0.0, 0.0]
Times: [12.742900371551514, 11.988910436630249, 212.08492612838745, -16886495401.527557, 104.81405735015869]

Property No. 8

individual verified proportion [0.0, 0.0, 0.0, 0.0, 0.0, 0.0, 0.0, 0.0, 0.0, 0.0]
baseline verified proportion [0.0, 0.0, 0.0, 0.0, 0.0, 0.0, 0.0, 0.0, 0.0, 0.0]
Uap verified proportion [0.0, 0.0, 0.0, 0.0, 0.0, 0.0, 0.0, 0.0, 0.0, 0.0]
Times: [12.303682565689087, 9.094362258911133, 220.10880780220032, -16886497796.250645, 91.18036031723022]

Property No. 9

individual verified proportion [0.0, 0.0, 0.0, 0.0, 0.0, 0.0, 0.0, 0.0, 0.0, 0.0]
baseline verified proportion [0.0, 0.0, 0.0, 0.0, 0.0, 0.0, 0.0, 0.0, 0.0, 0.0]
Uap verified proportion [0.0, 0.0, 0.0, 0.0, 0.0, 0.0, 0.0, 0.0, 0.0, 0.0]
Times: [9.624854803085327, 8.570072889328003, 211.8678596019745, -16886500108.97823, 98.78300428390503]

Property No. 10

individual verified proportion [0.0, 0.0, 0.0, 0.0, 0.0, 0.0, 0.0, 0.0, 0.0, 0.0]
baseline verified proportion [0.0, 0.0, 0.0, 0.0, 0.0, 0.0, 0.0, 0.0, 0.0, 0.0]
Uap verified proportion [0.0, 0.0, 0.0, 0.0, 0.0, 0.0, 0.0, 0.0, 0.0, 0.0]
Times: [14.691642045974731, 10.024165868759155, 204.71771025657654, -16886502394.118765, 113.2213306427002]

Property No. 11

individual verified proportion [0.0, 0.0, 0.0, 0.0, 0.0, 0.0, 0.0, 0.0, 0.0, 0.0]
baseline verified proportion [0.0, 0.0, 0.0, 0.0, 0.0, 0.0, 0.0, 0.0, 0.0, 0.0]
Uap verified proportion [0.0, 0.0, 0.0, 0.0, 0.0, 0.0, 0.0, 0.0, 0.0, 0.0]
Times: [11.714221239089966, 9.559037923812866, 222.9983413219452, -16886504866.003115, 136.79356813430786]

Property No. 12

individual verified proportion [0.0, 0.0, 0.0, 0.0, 0.0, 0.0, 0.0, 0.0, 0.0, 0.0]
baseline verified proportion [0.0, 0.0, 0.0, 0.0, 0.0, 0.0, 0.0, 0.0, 0.0, 0.0]
Uap verified proportion [0.0, 0.0, 0.0, 0.0, 0.0, 0.0, 0.0, 0.0, 0.0, 0.0]
Times: [11.543881893157959, 8.497640609741211, 218.79074096679688, -16886507243.299788, 108.0011248588562]

Property No. 13

individual verified proportion [0.0, 0.0, 0.0, 0.0, 0.0, 0.0, 0.0, 0.0, 0.0, 0.0]
baseline verified proportion [0.0, 0.0, 0.0, 0.0, 0.0, 0.0, 0.0, 0.0, 0.0, 0.0]
Uap verified proportion [0.0, 0.0, 0.0, 0.0, 0.0, 0.0, 0.0, 0.0, 0.0, 0.0]
Times: [12.004516363143921, 8.71575665473938, 203.95564341545105, -16886509467.939684, 112.96571731567383]

Property No. 14

individual verified proportion [0.0, 0.0, 0.0, 0.0, 0.0, 0.0, 0.0, 0.0, 0.0, 0.0]
baseline verified proportion [0.0, 0.0, 0.0, 0.0, 0.0, 0.0, 0.0, 0.0, 0.0, 0.0]
Uap verified proportion [0.0, 0.0, 0.0, 0.0, 0.0, 0.0, 0.0, 0.0, 0.0, 0.0]
Times: [16.07232928276062, 18.273526668548584, 272.86339592933655, -16886512367.179657, 174.0198802947998]

Property No. 15

individual verified proportion [0.0, 0.0, 0.0, 0.0, 0.0, 0.0, 0.0, 0.0, 0.0, 0.0]
baseline verified proportion [0.0, 0.0, 0.0, 0.0, 0.0, 0.0, 0.0, 0.0, 0.0, 0.0]
Uap verified proportion [0.0, 0.0, 0.0, 0.0, 0.0, 0.0, 0.0, 0.0, 0.0, 0.0]
Times: [15.849028825759888, 13.79102897644043, 274.93762278556824, -16886515590.276573, 100.69046974182129]

Property No. 16

individual verified proportion [0.0, 0.0, 0.0, 0.0, 0.0, 0.0, 0.0, 0.0, 0.0, 0.0]
baseline verified proportion [0.0, 0.0, 0.0, 0.0, 0.0, 0.0, 0.0, 0.0, 0.0, 0.0]
Uap verified proportion [0.0, 0.0, 0.0, 0.0, 0.0, 0.0, 0.0, 0.0, 0.0, 0.0]
Times: [13.104284048080444, 11.184309005737305, 220.08013558387756, -16886518045.144684, 103.14582109451294]

Property No. 17

individual verified proportion [0.0, 0.0, 0.0, 0.0, 0.0, 0.0, 0.0, 0.0, 0.0, 0.0]
baseline verified proportion [0.0, 0.0, 0.0, 0.0, 0.0, 0.0, 0.0, 0.0, 0.0, 0.0]
Uap verified proportion [0.0, 0.0, 0.0, 0.0, 0.0, 0.0, 0.0, 0.0, 0.0, 0.0]
Times: [12.551570892333984, 9.860137939453125, 210.21393275260925, -16886520375.670666, 80.58907508850098]

Property No. 18

individual verified proportion [0.0, 0.0, 0.0, 0.0, 0.0, 0.0, 0.0, 0.0, 0.0, 0.0]
baseline verified proportion [0.0, 0.0, 0.0, 0.0, 0.0, 0.0, 0.0, 0.0, 0.0, 0.0]
Uap verified proportion [0.0, 0.0, 0.0, 0.0, 0.0, 0.0, 0.0, 0.0, 0.0, 0.0]
Times: [10.04276728630066, 8.020159721374512, 189.51105999946594, -16886522487.443941, 73.44073057174683]

Property No. 19

individual verified proportion [0.0, 0.0, 0.0, 0.0, 0.0, 0.0, 0.0, 0.0, 0.0, 0.0]
baseline verified proportion [0.0, 0.0, 0.0, 0.0, 0.0, 0.0, 0.0, 0.0, 0.0, 0.0]
Uap verified proportion [0.0, 0.0, 0.0, 0.0, 0.0, 0.0, 0.0, 0.0, 0.0, 0.0]
Times: [8.187109231948853, 6.5089967250823975, 147.4979019165039, -16886524133.667585, 69.89136695861816]



Eps : 0.04
Individual verified: [0.0, 0.0, 0.0, 0.0, 0.0, 0.0, 0.0, 0.0, 0.0, 0.0] total: 0.0
Baseline verified: [0.0, 0.0, 0.0, 0.0, 0.0, 0.0, 0.0, 0.0, 0.0, 0.0] total: 0.0
Uap verified: [0.0, 0.0, 0.0, 0.0, 0.0, 0.0, 0.0, 0.0, 0.0, 0.0] total: 0.0
Extra verified: [0.0, 0.0, 0.0, 0.0, 0.0, 0.0, 0.0, 0.0, 0.0, 0.0] total: 0.0
times: [307.4282042980194, 530.2252807617188, 5354.170067310333, -337730020263.5848, 2336.7405915260315]
